0 0.4921875 0.725 0.09296875 0.04921875
0 0.3625 0.671875 0.09296875 0.0484375
1 0.39140625 0.53125 0.0875 0.0578125
2 0.77890625 0.55703125 0.1203125 0.05703125
2 0.49921875 0.596875 0.08359375 0.0625
3 0.5125 0.43828125 0.075 0.04609375
3 0.76953125 0.44375 0.0875 0.04765625
3 0.884375 0.55390625 0.09765625 0.04296875
3 0.890625 0.6171875 0.0984375 0.0421875
3 0.78046875 0.6109375 0.09296875 0.03828125
3 0.3453125 0.72578125 0.0828125 0.0390625
3 0.26328125 0.59375 0.09296875 0.040625
3 0.27421875 0.5375 0.0828125 0.04765625
4 0.64296875 0.55 0.0859375 0.05234375
5 0.6453125 0.43203125 0.08125 0.0578125
5 0.38203125 0.603125 0.0953125 0.0515625
6 0.39921875 0.48515625 0.08515625 0.05234375
6 0.77734375 0.49453125 0.08984375 0.05
7 0.5015625 0.6640625 0.0859375 0.05078125
8 0.52578125 0.48203125 0.075 0.05625
8 0.2828125 0.48203125 0.103125 0.053125
9 0.40546875 0.434375 0.07421875 0.05
9 0.89921875 0.49921875 0.096875 0.04609375
9 0.9015625 0.67890625 0.1015625 0.04296875
9 0.78125 0.67421875 0.09453125 0.0421875
9 0.76484375 0.734375 0.096875 0.03984375
9 0.63203125 0.7296875 0.090625 0.0453125
9 0.52578125 0.5421875 0.08125 0.04609375
9 0.66015625 0.61015625 0.08671875 0.0453125
10 0.63671875 0.66796875 0.08828125 0.04609375
11 0.22265625 0.65625 0.10078125 0.04375
11 0.6359375 0.49609375 0.0859375 0.0515625