5 0.92734375 0.58515625 0.08046875 0.046875
3 0.859375 0.55078125 0.06328125 0.0421875
3 0.78125 0.56328125 0.06171875 0.04296875
3 0.7 0.58125 0.05859375 0.0421875
2 0.83046875 0.59765625 0.065625 0.05234375
0 0.7390625 0.61953125 0.0703125 0.04765625
4 0.6390625 0.634375 0.06484375 0.0515625
3 0.59140625 0.60078125 0.0625 0.04140625
1 0.540625 0.65078125 0.06953125 0.05234375
3 0.51484375 0.61484375 0.05625 0.03984375
3 0.415625 0.6328125 0.06875 0.04296875
0 0.45390625 0.67265625 0.06875 0.0453125
2 0.35390625 0.690625 0.071875 0.0484375
3 0.3265625 0.6484375 0.07265625 0.040625
3 0.22109375 0.66484375 0.07109375 0.04296875
5 0.2390625 0.7125 0.084375 0.046875
9 0.665625 0.3953125 0.05703125 0.04140625
9 0.5921875 0.41015625 0.05390625 0.04140625
9 0.50859375 0.42421875 0.05703125 0.040625
9 0.434375 0.4359375 0.05859375 0.0390625
9 0.35703125 0.4515625 0.0609375 0.03984375
9 0.27734375 0.46484375 0.0625 0.040625
9 0.196875 0.47890625 0.06640625 0.03984375
9 0.10546875 0.49140625 0.0703125 0.03984375
11 0.07734375 0.4578125 0.08046875 0.03671875
8 0.1546875 0.44375 0.07734375 0.04765625
6 0.24453125 0.4296875 0.0625 0.04921875
6 0.4921875 0.390625 0.05390625 0.05078125
10 0.4078125 0.4015625 0.0546875 0.05625
7 0.3203125 0.4140625 0.0671875 0.05859375
8 0.5546875 0.3796875 0.05 0.05390625
11 0.6296875 0.3671875 0.04765625 0.04609375