5 0.13515625 0.71640625 0.09609375 0.05546875
2 0.7703125 0.74375 0.08828125 0.06484375
0 0.65546875 0.7421875 0.0859375 0.06484375
4 0.5359375 0.7296875 0.0890625 0.0703125
1 0.4234375 0.721875 0.1046875 0.0734375
0 0.33671875 0.725 0.0953125 0.0578125
2 0.2375 0.71875 0.09296875 0.06171875
5 0.89453125 0.75625 0.08828125 0.0640625
3 0.8890625 0.70703125 0.07578125 0.053125
3 0.78828125 0.70078125 0.0765625 0.05390625
3 0.36796875 0.6828125 0.0703125 0.04375
3 0.46953125 0.6921875 0.06796875 0.0515625
3 0.56015625 0.69453125 0.07578125 0.05078125
3 0.68125 0.7 0.0765625 0.05390625
3 0.28671875 0.68125 0.084375 0.046875
3 0.196875 0.675 0.0796875 0.04453125
9 0.50859375 0.52890625 0.06015625 0.04296875
9 0.434375 0.52890625 0.0640625 0.040625
9 0.3578125 0.5265625 0.0609375 0.04140625
9 0.85078125 0.5296875 0.06015625 0.04609375
9 0.94765625 0.52734375 0.06171875 0.0484375
9 0.5890625 0.52890625 0.0609375 0.0453125
9 0.67265625 0.528125 0.0609375 0.04453125
9 0.75390625 0.528125 0.065625 0.04609375
11 0.37421875 0.50078125 0.06640625 0.040625
8 0.446875 0.49765625 0.06328125 0.05234375
6 0.5296875 0.496875 0.06015625 0.05234375
10 0.690625 0.49296875 0.06328125 0.0609375
7 0.59921875 0.4921875 0.06875 0.0640625
6 0.78203125 0.496875 0.05703125 0.0546875
11 0.95234375 0.496875 0.0625 0.0484375
8 0.85078125 0.49453125 0.0609375 0.05390625