11 0.7140625 0.58125 0.1109375 0.0484375
11 0.246875 0.46640625 0.09140625 0.05390625
5 0.3984375 0.51015625 0.0796875 0.05390625
5 0.859375 0.5609375 0.1125 0.05
2 0.4484375 0.55859375 0.10625 0.04921875
2 0.64375 0.659375 0.09453125 0.0484375
8 0.69765625 0.528125 0.09921875 0.05078125
8 0.60703125 0.4265625 0.09765625 0.0609375
6 0.63671875 0.475 0.084375 0.053125
6 0.77109375 0.64609375 0.1078125 0.0421875
0 0.26328125 0.525 0.08671875 0.05078125
0 0.20078125 0.59765625 0.0890625 0.046875
7 0.31640625 0.5796875 0.0859375 0.05078125
1 0.53828125 0.48515625 0.09453125 0.05859375
4 0.6015625 0.60390625 0.09140625 0.04609375
10 0.3609375 0.64140625 0.0890625 0.0453125
9 0.75078125 0.46171875 0.08984375 0.04609375
9 0.5703125 0.5515625 0.08828125 0.0421875
9 0.48671875 0.63203125 0.0921875 0.04453125
9 0.8203125 0.7046875 0.10859375 0.04296875
9 0.43359375 0.7640625 0.08984375 0.0453125
9 0.39765625 0.70625 0.08671875 0.04375
9 0.27265625 0.71953125 0.09140625 0.04296875
9 0.234375 0.659375 0.08984375 0.04375
3 0.49375 0.4453125 0.084375 0.04921875
3 0.37890625 0.46171875 0.08125 0.0484375
3 0.7890625 0.509375 0.09296875 0.04609375
3 0.88828125 0.625 0.10703125 0.04296875
3 0.69453125 0.71484375 0.09921875 0.04375
3 0.5609375 0.7390625 0.0890625 0.04296875
3 0.5328125 0.68515625 0.08828125 0.04296875
3 0.1578125 0.5375 0.08828125 0.04765625