5 0.03203125 0.5890625 0.05546875 0.05078125
2 0.38125 0.71484375 0.07890625 0.071875
0 0.31015625 0.69140625 0.07265625 0.071875
4 0.24765625 0.65859375 0.06796875 0.08203125
1 0.190625 0.63359375 0.06328125 0.08359375
0 0.134375 0.62421875 0.05859375 0.06171875
2 0.08203125 0.6046875 0.0640625 0.0625
5 0.45078125 0.75078125 0.075 0.07109375
3 0.53046875 0.725 0.07578125 0.06171875
3 0.46953125 0.69765625 0.0703125 0.05625
3 0.22265625 0.60703125 0.04921875 0.03984375
3 0.2765625 0.63515625 0.05625 0.05390625
3 0.32578125 0.65078125 0.0640625 0.053125
3 0.39921875 0.67734375 0.06796875 0.05703125
3 0.17109375 0.59296875 0.05234375 0.040625
3 0.13125 0.57734375 0.0484375 0.04140625
9 0.49609375 0.5421875 0.0484375 0.04140625
9 0.54765625 0.5546875 0.053125 0.04375
9 0.44921875 0.528125 0.04453125 0.040625
9 0.79765625 0.6171875 0.05859375 0.04921875
9 0.878125 0.63515625 0.06640625 0.0515625
9 0.60390625 0.56875 0.05234375 0.0453125
9 0.665625 0.58359375 0.05234375 0.04609375
9 0.72734375 0.5984375 0.05859375 0.04765625
11 0.50234375 0.51875 0.04375 0.03984375
8 0.54609375 0.525 0.0484375 0.05
6 0.60625 0.53828125 0.05234375 0.04921875
10 0.7203125 0.5609375 0.0578125 0.06328125
7 0.65625 0.54375 0.05234375 0.0671875
6 0.79140625 0.5828125 0.0609375 0.05625
11 0.93828125 0.61875 0.06484375 0.05234375
8 0.8578125 0.59765625 0.07265625 0.0578125