7 0.14921875 0.25625 0.17109375 0.42265625
4 0.31796875 0.74609375 0.15234375 0.325
1 0.15625 0.703125 0.159375 0.409375
10 0.31875 0.3015625 0.1578125 0.33515625
6 0.4703125 0.32890625 0.13515625 0.28203125
0 0.4640625 0.77265625 0.12890625 0.2734375
2 0.60234375 0.7875 0.1359375 0.24375
5 0.740625 0.8078125 0.13359375 0.2015625
3 0.86953125 0.81171875 0.11484375 0.19453125
9 0.88828125 0.36953125 0.11796875 0.19765625
11 0.7578125 0.365625 0.1390625 0.20625
8 0.6125 0.3421875 0.1421875 0.25234375