11 0.93984375 0.4421875 0.11171875 0.26796875
11 0.0609375 0.44140625 0.1109375 0.2671875
8 0.18828125 0.42578125 0.1140625 0.2953125
8 0.8140625 0.4265625 0.115625 0.296875
6 0.696875 0.4078125 0.10703125 0.33359375
6 0.3125 0.4078125 0.10625 0.33359375
7 0.440625 0.35078125 0.13046875 0.44765625
10 0.578125 0.38125 0.1140625 0.38515625
9 0.93828125 0.72890625 0.0859375 0.2453125
9 0.81015625 0.72890625 0.08515625 0.2453125
9 0.69140625 0.728125 0.08515625 0.24453125
9 0.57265625 0.72890625 0.08515625 0.24453125
9 0.44921875 0.72890625 0.0859375 0.24375
9 0.32265625 0.72734375 0.08515625 0.24375
9 0.19453125 0.72890625 0.08515625 0.24375
9 0.06171875 0.72890625 0.0859375 0.24453125