7 0.0484375 0.34765625 0.06796875 0.5671875
10 0.134375 0.3921875 0.06875 0.478125
10 0.2234375 0.3921875 0.06796875 0.478125
6 0.3046875 0.403125 0.0640625 0.4546875
6 0.38515625 0.403125 0.0640625 0.45546875
6 0.465625 0.40390625 0.06328125 0.4515625
8 0.546875 0.43046875 0.06484375 0.40078125
8 0.6296875 0.42890625 0.06484375 0.3953125
8 0.71640625 0.43046875 0.06328125 0.3984375
11 0.80078125 0.459375 0.0609375 0.34375
11 0.88203125 0.459375 0.0640625 0.34296875
9 0.9578125 0.4671875 0.05625 0.31875