7 0.96015625 0.4421875 0.06796875 0.09296875
7 0.540625 0.9046875 0.06953125 0.09296875
10 0.45234375 0.9078125 0.07421875 0.0859375
10 0.96015625 0.559375 0.07265625 0.08671875
6 0.96015625 0.67421875 0.0625 0.08828125
6 0.63046875 0.90625 0.0640625 0.0890625
6 0.36484375 0.90703125 0.0640625 0.08984375
8 0.2734375 0.90625 0.065625 0.090625
8 0.71640625 0.90546875 0.065625 0.09140625
8 0.96015625 0.7921875 0.065625 0.090625
11 0.96015625 0.91484375 0.06171875 0.08203125
11 0.81015625 0.91015625 0.06171875 0.084375
11 0.1875 0.909375 0.0625 0.084375
9 0.9609375 0.328125 0.04921875 0.07578125
9 0.809375 0.79140625 0.05078125 0.075
9 0.7203125 0.79140625 0.04921875 0.075
9 0.63125 0.79140625 0.05078125 0.075
9 0.5421875 0.79140625 0.05 0.07578125
9 0.453125 0.79140625 0.0515625 0.07578125
9 0.36484375 0.79140625 0.04921875 0.07578125
9 0.27578125 0.79140625 0.05 0.075
9 0.1875 0.79140625 0.0515625 0.07578125
1 0.03359375 0.5484375 0.0640625 0.0859375
1 0.540625 0.090625 0.065625 0.08828125
4 0.45234375 0.09296875 0.06875 0.084375
4 0.034375 0.43125 0.06875 0.07890625
0 0.3640625 0.09296875 0.05546875 0.0796875
0 0.03359375 0.31484375 0.0578125 0.08203125
0 0.63046875 0.09453125 0.059375 0.08125
2 0.71640625 0.09296875 0.0609375 0.08359375
2 0.27265625 0.0921875 0.05859375 0.08203125
2 0.03359375 0.2015625 0.0609375 0.08125
5 0.1875 0.0953125 0.05625 0.075
5 0.034375 0.096875 0.05625 0.07734375
5 0.809375 0.09609375 0.0578125 0.07734375
3 0.8109375 0.21484375 0.04453125 0.07109375
3 0.721875 0.21484375 0.04609375 0.07109375
3 0.6328125 0.215625 0.04453125 0.07109375
3 0.54296875 0.21484375 0.04453125 0.0703125
3 0.03359375 0.66015625 0.04453125 0.07109375
3 0.45390625 0.21484375 0.04609375 0.07109375
3 0.365625 0.21484375 0.04375 0.0703125
3 0.27578125 0.215625 0.04609375 0.0703125
3 0.18671875 0.21484375 0.04375 0.07109375