3 0.9625 0.46953125 0.05625 0.31875
5 0.88515625 0.459375 0.06484375 0.3390625
5 0.80546875 0.46015625 0.0625 0.34296875
2 0.7203125 0.428125 0.06640625 0.40078125
2 0.63203125 0.42734375 0.065625 0.39921875
2 0.55 0.42890625 0.0640625 0.3984375
0 0.46640625 0.40625 0.0671875 0.44296875
0 0.3828125 0.40703125 0.06484375 0.44453125
0 0.30546875 0.40625 0.065625 0.4453125
4 0.2203125 0.390625 0.06875 0.4765625
4 0.13203125 0.39140625 0.06953125 0.47734375
1 0.046875 0.34453125 0.07109375 0.56953125