9 0.7671875 0.25 0.04140625 0.11171875
4 0.6390625 0.1984375 0.0515625 0.18046875
10 0.30859375 0.17109375 0.0515625 0.16484375
11 0.209375 0.4546875 0.05078125 0.1421875
11 0.1921875 0.94140625 0.053125 0.11640625
9 0.28359375 0.953125 0.04765625 0.09296875
9 0.28125 0.8921875 0.04765625 0.12734375
9 0.2875 0.81484375 0.0484375 0.12734375
9 0.446875 0.734375 0.04375 0.1265625
9 0.44765625 0.59375 0.04296875 0.12109375
9 0.296875 0.52734375 0.0375 0.11875
9 0.2890625 0.45546875 0.0421875 0.11484375
8 0.36640625 0.58046875 0.0484375 0.15703125
8 0.28203125 0.57578125 0.04921875 0.16796875
6 0.19609375 0.79375 0.0515625 0.17109375
6 0.20546875 0.58203125 0.04765625 0.1578125
10 0.2078125 0.6453125 0.05078125 0.1796875
7 0.20078125 0.70859375 0.0578125 0.19765625
3 0.7046875 0.94296875 0.046875 0.1140625
3 0.7015625 0.87578125 0.04609375 0.1296875
3 0.6984375 0.8 0.04375 0.12578125
3 0.6859375 0.65390625 0.0421875 0.12109375
3 0.609375 0.7234375 0.03671875 0.1078125
3 0.6734375 0.515625 0.0421875 0.1171875
3 0.6703125 0.44921875 0.040625 0.11796875
2 0.61484375 0.784375 0.05625 0.1578125
2 0.6046875 0.56953125 0.05078125 0.15703125
0 0.525 0.5765625 0.0484375 0.16328125
0 0.7578125 0.56328125 0.0484375 0.1609375
5 0.7484375 0.440625 0.04609375 0.14140625
1 0.78359375 0.84140625 0.06015625 0.20859375
5 0.77734375 0.78203125 0.05234375 0.15
4 0.76640625 0.62890625 0.05546875 0.18046875