5 0.21171875 0.73515625 0.028125 0.1515625
11 0.23515625 0.82578125 0.0328125 0.159375
11 0.0671875 0.2203125 0.0625 0.36640625
11 0.19296875 0.21640625 0.06328125 0.36953125
11 0.3203125 0.2203125 0.06015625 0.221875
11 0.4375 0.23203125 0.0703125 0.37109375
11 0.0578125 0.78359375 0.0640625 0.38046875
11 0.328125 0.75703125 0.05078125 0.30078125
11 0.46875 0.78125 0.06484375 0.33046875
11 0.6453125 0.7609375 0.0421875 0.2890625
11 0.54765625 0.240625 0.04375 0.28203125
11 0.6890625 0.18984375 0.0390625 0.2671875
11 0.821875 0.2265625 0.06796875 0.384375
11 0.93984375 0.75703125 0.034375 0.18046875
11 0.809375 0.74609375 0.0390625 0.26875
11 0.93515625 0.18828125 0.03984375 0.24921875