5 0.41328125 0.41953125 0.11875 0.1265625
1 0.38125 0.225 0.1609375 0.2125
4 0.259375 0.64765625 0.1953125 0.16875
4 0.54921875 0.4421875 0.1109375 0.1453125
2 0.5796875 0.81953125 0.1015625 0.1953125
7 0.74765625 0.8609375 0.15 0.2578125
7 0.7234375 0.64453125 0.1421875 0.1953125
10 0.71015625 0.2015625 0.1296875 0.228125
10 0.24609375 0.43046875 0.2015625 0.15
11 0.2765625 0.821875 0.1390625 0.1640625
11 0.42578125 0.634375 0.115625 0.1421875
8 0.709375 0.396875 0.115625 0.1328125
8 0.42890625 0.8140625 0.1234375 0.159375