3 0.87734375 0.62578125 0.1390625 0.20625
3 0.13125 0.40078125 0.1359375 0.2046875
5 0.8640625 0.3921875 0.171875 0.2625
5 0.63828125 0.4125 0.1703125 0.2640625
5 0.33828125 0.39921875 0.14375 0.27578125
6 0.1390625 0.6265625 0.16875 0.27109375
3 0.1484375 0.871875 0.1484375 0.2078125
3 0.36328125 0.9015625 0.1546875 0.196875
3 0.65390625 0.89375 0.1453125 0.2125
1 0.40859375 0.596875 0.190625 0.36875
10 0.63671875 0.16328125 0.18203125 0.32578125
0 0.9171875 0.86171875 0.1625 0.2765625
4 0.621875 0.6 0.2046875 0.390625