5 0.9234375 0.54140625 0.153125 0.25
5 0.91875 0.28828125 0.1625 0.25625
3 0.12734375 0.2953125 0.1484375 0.2125
3 0.43515625 0.57734375 0.178125 0.2078125
0 0.13671875 0.83203125 0.2078125 0.25625
0 0.428125 0.84921875 0.1640625 0.240625
9 0.72890625 0.8703125 0.16875 0.215625
9 0.68046875 0.57734375 0.15 0.2171875
9 0.66640625 0.31484375 0.178125 0.1828125
9 0.63203125 0.1 0.16875 0.2
9 0.3890625 0.31953125 0.1625 0.2125
9 0.3703125 0.11015625 0.1453125 0.2171875
6 0.14375 0.54609375 0.1828125 0.25