5 0.8390625 0.47421875 0.1484375 0.2515625
5 0.4078125 0.46640625 0.115625 0.2390625
5 0.39296875 0.79375 0.11171875 0.2859375
5 0.68671875 0.8140625 0.1078125 0.3
11 0.228125 0.4625 0.14375 0.23671875
11 0.68984375 0.52890625 0.11484375 0.25859375
11 0.86171875 0.1796875 0.16015625 0.20703125
11 0.8515625 0.81875 0.14375 0.3
11 0.54921875 0.82890625 0.08671875 0.29921875
11 0.253125 0.81953125 0.13203125 0.2875
5 0.2328125 0.17734375 0.14921875 0.1984375
5 0.3890625 0.1375 0.121875 0.2078125
5 0.69296875 0.14765625 0.121875 0.20546875
5 0.525 0.45703125 0.0890625 0.2421875