3 0.91796875 0.41796875 0.059375 0.11171875
3 0.80078125 0.41875 0.05859375 0.11171875
3 0.68125 0.41796875 0.059375 0.11171875
3 0.56328125 0.41796875 0.0609375 0.11171875
3 0.44453125 0.41796875 0.059375 0.11171875
3 0.325 0.41796875 0.059375 0.11171875
3 0.20625 0.41796875 0.0609375 0.1109375
3 0.08828125 0.41796875 0.059375 0.11171875
9 0.08828125 0.91171875 0.06328125 0.11484375
9 0.20703125 0.91015625 0.065625 0.11796875
9 0.325 0.9109375 0.06328125 0.1171875
9 0.44453125 0.91171875 0.06328125 0.115625
9 0.56328125 0.9125 0.0640625 0.11484375
9 0.68125 0.9109375 0.06328125 0.11640625
9 0.80078125 0.91171875 0.0625 0.115625
9 0.91953125 0.9109375 0.06484375 0.115625
11 0.915625 0.76328125 0.07109375 0.1328125
11 0.084375 0.7625 0.071875 0.13203125
5 0.08359375 0.26875 0.06796875 0.12734375
2 0.2 0.2546875 0.1 0.15390625
2 0.8 0.2546875 0.10078125 0.15390625
8 0.79921875 0.74921875 0.10234375 0.159375
8 0.2 0.75 0.10390625 0.15859375
6 0.31328125 0.728125 0.0859375 0.203125
6 0.66953125 0.72890625 0.0859375 0.20078125
0 0.6703125 0.234375 0.08203125 0.19453125
0 0.3140625 0.23359375 0.08203125 0.196875
4 0.42890625 0.21953125 0.08984375 0.22421875
1 0.5484375 0.203125 0.096875 0.25703125
7 0.42890625 0.69765625 0.10078125 0.2625
10 0.5484375 0.7140625 0.09453125 0.2296875
5 0.915625 0.26875 0.06796875 0.1265625