4 0.278125 0.275 0.115625 0.3890625
0 0.43046875 0.3125 0.11328125 0.31328125
2 0.57578125 0.325 0.11953125 0.2890625
5 0.7265625 0.33125 0.1171875 0.27578125
3 0.86875 0.34921875 0.1015625 0.2296875
9 0.87421875 0.64296875 0.10546875 0.23671875
11 0.7328125 0.66328125 0.11953125 0.27734375
8 0.57421875 0.6734375 0.12421875 0.2953125
6 0.428125 0.68515625 0.11796875 0.32109375
10 0.27578125 0.72265625 0.11796875 0.396875
7 0.12578125 0.7484375 0.11953125 0.45
1 0.12421875 0.25390625 0.1140625 0.42578125