5 0.903125 0.4265625 0.07109375 0.22578125
5 0.09765625 0.42578125 0.071875 0.22734375
2 0.21328125 0.40546875 0.08125 0.26484375
2 0.78671875 0.40703125 0.08125 0.26484375
0 0.67109375 0.38671875 0.07421875 0.3046875
0 0.3296875 0.38671875 0.0734375 0.30546875
4 0.44296875 0.37265625 0.07265625 0.33359375
1 0.55625 0.34140625 0.07421875 0.396875
3 0.903125 0.76328125 0.0578125 0.19375
3 0.78828125 0.76328125 0.0578125 0.19375
3 0.6703125 0.76328125 0.059375 0.19375
3 0.55625 0.76328125 0.0578125 0.19375
3 0.4421875 0.76328125 0.05703125 0.19453125
3 0.32890625 0.76328125 0.0578125 0.19453125
3 0.21171875 0.76328125 0.0578125 0.19375
3 0.096875 0.7609375 0.0578125 0.190625