0 0.671875 0.32734375 0.0953125 0.3171875
0 0.32890625 0.32734375 0.09375 0.31484375
1 0.44375 0.31015625 0.09375 0.35
4 0.5578125 0.31875 0.09375 0.33359375
2 0.78515625 0.34453125 0.09375 0.28203125
2 0.215625 0.34453125 0.0953125 0.28125
5 0.10078125 0.3453125 0.09375 0.27890625
5 0.89921875 0.34609375 0.09375 0.27890625
3 0.89921875 0.74921875 0.09375 0.2296875
3 0.78515625 0.74921875 0.09375 0.23046875
3 0.671875 0.74921875 0.09609375 0.23046875
3 0.55703125 0.75 0.0953125 0.23046875
3 0.44375 0.74921875 0.09375 0.23046875
3 0.32890625 0.74921875 0.09375 0.23046875
3 0.21484375 0.74921875 0.09296875 0.2296875
3 0.10078125 0.74921875 0.09375 0.2296875