5 0.90234375 0.38203125 0.0765625 0.30703125
5 0.09765625 0.38203125 0.0765625 0.30703125
2 0.2140625 0.3875 0.1015625 0.29140625
2 0.7890625 0.3875 0.1015625 0.29140625
0 0.67265625 0.3546875 0.075 0.3546875
0 0.32734375 0.3546875 0.07421875 0.3546875
1 0.44296875 0.31015625 0.075 0.446875
4 0.55703125 0.33125 0.07578125 0.4046875
3 0.90234375 0.76484375 0.07421875 0.29921875
3 0.7875 0.76484375 0.07578125 0.29921875
3 0.67265625 0.7640625 0.075 0.3
3 0.55703125 0.7640625 0.07578125 0.2984375
3 0.44296875 0.765625 0.075 0.296875
3 0.32734375 0.7640625 0.0765625 0.29765625
3 0.2125 0.76484375 0.07578125 0.29921875
3 0.09765625 0.7640625 0.07578125 0.3