5 0.084375 0.34375 0.08828125 0.37421875
5 0.915625 0.34296875 0.0875 0.3765625
3 0.08515625 0.75390625 0.07421875 0.3140625
3 0.20390625 0.75390625 0.075 0.3140625
3 0.321875 0.75390625 0.07421875 0.315625
3 0.440625 0.75390625 0.07421875 0.315625
3 0.559375 0.753125 0.07421875 0.31484375
3 0.678125 0.7546875 0.075 0.31484375
3 0.796875 0.75390625 0.075 0.315625
3 0.915625 0.7546875 0.07421875 0.31484375
2 0.796875 0.33671875 0.090625 0.3875
2 0.20390625 0.33671875 0.090625 0.38828125
0 0.678125 0.321875 0.08125 0.41796875
0 0.321875 0.32109375 0.08203125 0.41953125
4 0.559375 0.30078125 0.0921875 0.46015625
1 0.440625 0.2859375 0.09140625 0.4859375