9 0.06484375 0.6390625 0.08203125 0.1859375
9 0.190625 0.64140625 0.07421875 0.184375
9 0.3140625 0.63671875 0.071875 0.1828125
9 0.44296875 0.63984375 0.0703125 0.1828125
9 0.56875 0.64375 0.07109375 0.18203125
9 0.67890625 0.64296875 0.0734375 0.1875
9 0.8078125 0.64140625 0.07421875 0.184375
9 0.93828125 0.64453125 0.0828125 0.1859375
11 0.8890625 0.5234375 0.08515625 0.2015625
8 0.78828125 0.51484375 0.10078125 0.23359375
6 0.6609375 0.50546875 0.071875 0.24453125
6 0.33515625 0.5015625 0.07265625 0.2453125
8 0.22109375 0.5078125 0.0953125 0.2328125
11 0.10078125 0.52265625 0.0890625 0.2046875
7 0.44453125 0.4671875 0.09296875 0.33203125
10 0.5546875 0.4921875 0.0890625 0.27890625