11 0.42109375 0.85546875 0.09140625 0.128125
11 0.5125 0.85546875 0.08828125 0.12734375
5 0.4171875 0.40625 0.08671875 0.1265625
5 0.50859375 0.40546875 0.0875 0.1265625
3 0.5953125 0.40703125 0.0734375 0.121875
3 0.67265625 0.4078125 0.07421875 0.1234375
3 0.75 0.4078125 0.078125 0.1234375
3 0.82890625 0.4078125 0.07734375 0.1234375
3 0.33203125 0.4078125 0.071875 0.12109375
3 0.25390625 0.40703125 0.07265625 0.121875
3 0.1765625 0.40625 0.07421875 0.121875
3 0.0984375 0.40546875 0.07265625 0.12265625
9 0.82890625 0.8578125 0.07421875 0.1234375
9 0.75234375 0.85703125 0.075 0.1234375
9 0.675 0.8578125 0.0734375 0.1234375
9 0.59609375 0.8578125 0.07421875 0.12421875
9 0.3359375 0.85703125 0.07421875 0.12421875
9 0.2578125 0.85859375 0.07421875 0.12421875
9 0.18046875 0.85859375 0.07421875 0.125
9 0.1015625 0.85859375 0.07421875 0.125
8 0.74921875 0.67890625 0.08984375 0.15859375
8 0.1828125 0.67890625 0.08984375 0.15703125
6 0.27109375 0.6703125 0.08515625 0.17578125
6 0.66171875 0.66953125 0.08359375 0.17421875
10 0.56796875 0.65390625 0.09765625 0.20625
10 0.36484375 0.6546875 0.096875 0.20703125
7 0.46796875 0.62890625 0.1015625 0.25703125
1 0.465625 0.18046875 0.10078125 0.25390625
4 0.56796875 0.20625 0.09765625 0.2015625
4 0.36015625 0.2046875 0.096875 0.2015625
0 0.66328125 0.22265625 0.084375 0.16953125
0 0.2640625 0.22109375 0.08203125 0.16953125
2 0.1765625 0.228125 0.08828125 0.1515625
2 0.7515625 0.23046875 0.08828125 0.15390625