5 0.06171875 0.20234375 0.04609375 0.3078125
5 0.18515625 0.21953125 0.06484375 0.34296875
5 0.328125 0.24296875 0.05078125 0.36796875
5 0.25703125 0.7828125 0.03515625 0.23984375
5 0.09921875 0.790625 0.07578125 0.384375
5 0.38671875 0.79140625 0.05546875 0.396875
5 0.50859375 0.85390625 0.04296875 0.278125
5 0.65625 0.815625 0.03359375 0.20703125
5 0.47421875 0.23046875 0.06953125 0.39765625
5 0.61953125 0.2265625 0.0703125 0.40234375
5 0.73671875 0.23125 0.06171875 0.38984375
5 0.9421875 0.80546875 0.0546875 0.3140625
5 0.81640625 0.790625 0.04609375 0.29453125
5 0.92734375 0.240625 0.05625 0.3515625
11 0.8109375 0.2328125 0.06171875 0.390625