11 0.790625 0.69375 0.115625 0.03515625
11 0.4 0.553125 0.08984375 0.040625
5 0.2609375 0.5625 0.07578125 0.03984375
5 0.66484375 0.63984375 0.10390625 0.03515625
2 0.640625 0.59296875 0.103125 0.0359375
2 0.48125 0.4875 0.08125 0.046875
8 0.4015625 0.60390625 0.10078125 0.0359375
8 0.44140625 0.71484375 0.08984375 0.04453125
6 0.3671875 0.49453125 0.08203125 0.04140625
6 0.42265625 0.66171875 0.08671875 0.0390625
0 0.85234375 0.57421875 0.10078125 0.034375
0 0.784375 0.63515625 0.109375 0.03515625
7 0.75625 0.5796875 0.11484375 0.0390625
1 0.5328125 0.653125 0.1 0.03515625
4 0.50625 0.5421875 0.09140625 0.03828125
10 0.72578125 0.52734375 0.10390625 0.0375
9 0.684375 0.428125 0.08515625 0.03984375
9 0.609375 0.528125 0.08359375 0.03515625
9 0.8234375 0.52265625 0.09453125 0.0359375
9 0.70078125 0.47421875 0.08828125 0.03671875
9 0.7796875 0.42421875 0.09140625 0.03984375
9 0.8015625 0.4734375 0.0921875 0.0359375
9 0.35 0.44375 0.07421875 0.040625
9 0.5078125 0.59296875 0.084375 0.03515625
3 0.45859375 0.4453125 0.078125 0.040625
3 0.5859375 0.4796875 0.0890625 0.03671875
3 0.54921875 0.7046875 0.08984375 0.03828125
3 0.2875 0.62109375 0.0765625 0.0359375
3 0.8796875 0.6328125 0.09296875 0.03359375
3 0.578125 0.4375 0.08125 0.03984375
3 0.6625 0.6921875 0.096875 0.03828125
3 0.253125 0.5046875 0.0765625 0.040625