6 0.69609375 0.39921875 0.08046875 0.040625
6 0.33203125 0.39140625 0.0828125 0.040625
0 0.31171875 0.565625 0.0828125 0.0375
0 0.42890625 0.61171875 0.07734375 0.03515625
3 0.44375 0.3390625 0.07734375 0.04375
3 0.69609375 0.3453125 0.0859375 0.04296875
3 0.79453125 0.45234375 0.090625 0.0375
3 0.79140625 0.51328125 0.08828125 0.0375
3 0.6921875 0.51171875 0.08125 0.0328125
3 0.2171875 0.4953125 0.08828125 0.03671875
3 0.2984375 0.6109375 0.07578125 0.03359375
3 0.215625 0.44140625 0.08203125 0.0390625
9 0.33359375 0.33359375 0.078125 0.04453125
9 0.8171875 0.40234375 0.09140625 0.04140625
9 0.66953125 0.61640625 0.07890625 0.03828125
9 0.55078125 0.61171875 0.07890625 0.03671875
9 0.45859375 0.44453125 0.0765625 0.03828125
9 0.6859375 0.56484375 0.08125 0.03515625
9 0.79375 0.56875 0.0859375 0.03515625
9 0.58125 0.5078125 0.07734375 0.03671875
5 0.32421875 0.5046875 0.0921875 0.03515625
5 0.57109375 0.33203125 0.0796875 0.0484375
11 0.18515625 0.55390625 0.09609375 0.0390625
11 0.56328125 0.39921875 0.08046875 0.04296875
2 0.6953125 0.45703125 0.10390625 0.0359375
2 0.4359375 0.5 0.07421875 0.04453125
8 0.2171875 0.3875 0.11015625 0.04296875
8 0.45859375 0.3859375 0.07734375 0.04609375
1 0.32578125 0.4390625 0.08515625 0.04140625
7 0.43671875 0.559375 0.07578125 0.03828125
10 0.56015625 0.5609375 0.07890625 0.03671875
4 0.56796875 0.453125 0.08046875 0.0375