5 0.96171875 0.503125 0.075 0.05078125
2 0.9078125 0.5375 0.07578125 0.05390625
0 0.86171875 0.57578125 0.0765625 0.0515625
4 0.8 0.61484375 0.08671875 0.053125
1 0.73359375 0.65234375 0.09765625 0.05546875
0 0.69296875 0.6953125 0.08515625 0.04765625
2 0.62578125 0.7390625 0.1015625 0.04921875
5 0.559375 0.7859375 0.1015625 0.04453125
3 0.484375 0.75546875 0.08828125 0.040625
3 0.54921875 0.7125 0.08125 0.04140625
3 0.6078125 0.67578125 0.084375 0.0421875
3 0.66875 0.63359375 0.06953125 0.04140625
3 0.71484375 0.60234375 0.07421875 0.04375
3 0.778125 0.5609375 0.071875 0.0421875
3 0.82109375 0.52578125 0.071875 0.04375
3 0.86953125 0.4953125 0.06875 0.04453125
9 0.15546875 0.65 0.0875 0.03671875
9 0.221875 0.615625 0.08359375 0.03671875
9 0.275 0.58359375 0.07734375 0.03671875
9 0.3265625 0.55234375 0.07734375 0.0375
9 0.37734375 0.52109375 0.07578125 0.0359375
9 0.42265625 0.49296875 0.07265625 0.0375
9 0.4765625 0.46171875 0.065625 0.0390625
9 0.51875 0.43359375 0.0671875 0.0390625
11 0.453125 0.4234375 0.07734375 0.04453125
8 0.4109375 0.4484375 0.07421875 0.05078125
6 0.36171875 0.4734375 0.06875 0.046875
10 0.3078125 0.50234375 0.0796875 0.05
7 0.2515625 0.5328125 0.0953125 0.04921875
6 0.203125 0.56484375 0.0859375 0.0453125
11 0.09296875 0.63046875 0.0890625 0.040625
8 0.14375 0.5984375 0.09609375 0.0421875