11 0.915625 0.5234375 0.08984375 0.07578125
11 0.3796875 0.56171875 0.09453125 0.07734375
0 0.79765625 0.49296875 0.08515625 0.0796875
0 0.7296875 0.45234375 0.07109375 0.0765625
7 0.6796875 0.4671875 0.0671875 0.10078125
5 0.278125 0.60703125 0.10546875 0.07890625
5 0.728125 0.53203125 0.090625 0.0734375
2 0.61875 0.5109375 0.07421875 0.08203125
2 0.33828125 0.50234375 0.0921875 0.08203125
6 0.259375 0.5328125 0.090625 0.0796875
6 0.596875 0.60703125 0.09453125 0.090625
1 0.6609375 0.56015625 0.08828125 0.11015625
10 0.5671875 0.4546875 0.07890625 0.0921875
4 0.43984375 0.51328125 0.08203125 0.0984375
8 0.72109375 0.6296875 0.1171875 0.09375
8 0.465625 0.58203125 0.08984375 0.09609375
9 0.43984375 0.41484375 0.06484375 0.06015625
9 0.52578125 0.42734375 0.059375 0.0609375
9 0.625 0.4421875 0.071875 0.0625
9 0.534375 0.55234375 0.0875 0.06953125
9 0.49453125 0.49609375 0.0796875 0.06484375
9 0.465625 0.45078125 0.0703125 0.06171875
9 0.38515625 0.4359375 0.07734375 0.059375
9 0.15859375 0.521875 0.0921875 0.065625
3 0.8546875 0.475 0.07421875 0.065625
3 0.4109375 0.6359375 0.10546875 0.075
3 0.8359375 0.5578125 0.0890625 0.0703125
3 0.7859375 0.5984375 0.0828125 0.0734375
3 0.25 0.49375 0.0828125 0.06171875
3 0.39375 0.47890625 0.0640625 0.06640625
3 0.325 0.46171875 0.06796875 0.05703125
3 0.17421875 0.58203125 0.09921875 0.0734375