5 0.84765625 0.63984375 0.06875 0.0859375
3 0.50703125 0.2078125 0.0328125 0.06328125
1 0.7859375 0.39765625 0.0734375 0.12578125
4 0.58984375 0.35625 0.0734375 0.121875
3 0.6953125 0.425 0.04453125 0.065625
3 0.66875 0.309375 0.0484375 0.06328125
3 0.65234375 0.2546875 0.0390625 0.0609375
3 0.5125 0.36640625 0.03984375 0.065625
3 0.625 0.49765625 0.046875 0.06796875
2 0.43984375 0.43203125 0.05 0.08828125
6 0.44765625 0.571875 0.053125 0.09140625
10 0.35703125 0.36953125 0.05703125 0.109375
8 0.49765625 0.25625 0.04765625 0.08515625
8 0.1734375 0.58515625 0.0640625 0.0953125
7 0.1703125 0.4265625 0.06875 0.12734375
11 0.19453125 0.215625 0.04609375 0.07265625
11 0.265625 0.675 0.0609375 0.0890625
9 0.26796875 0.5890625 0.04921875 0.0703125
9 0.4328125 0.371875 0.04140625 0.06484375
9 0.271875 0.21484375 0.0375 0.0625
9 0.28125 0.321875 0.04375 0.06640625
9 0.4578125 0.66015625 0.05 0.07265625