0 0.06328125 0.06171875 0.0734375 0.103125
6 0.06328125 0.93671875 0.0734375 0.103125
6 0.6875 0.93671875 0.0734375 0.103125
0 0.68828125 0.0609375 0.0734375 0.103125
3 0.0640625 0.1953125 0.0671875 0.0859375
3 0.4390625 0.19609375 0.0671875 0.0859375
3 0.3140625 0.19609375 0.0671875 0.0859375
3 0.1890625 0.19609375 0.0671875 0.0859375
3 0.9390625 0.1953125 0.0671875 0.0859375
3 0.8140625 0.19609375 0.0671875 0.0859375
3 0.5640625 0.19609375 0.0671875 0.0859375
3 0.6890625 0.19609375 0.0671875 0.0859375
9 0.0640625 0.8203125 0.0671875 0.0859375
9 0.1890625 0.82109375 0.0671875 0.0859375
9 0.9390625 0.82109375 0.0671875 0.0859375
9 0.6890625 0.8203125 0.0671875 0.0859375
9 0.4390625 0.8203125 0.0671875 0.0859375
9 0.3140625 0.8203125 0.0671875 0.0859375
9 0.5640625 0.82109375 0.0671875 0.0859375
9 0.8140625 0.8203125 0.0671875 0.0859375
2 0.1875 0.0625 0.084375 0.10078125
5 0.43828125 0.0671875 0.075 0.09453125
1 0.5640625 0.0609375 0.09765625 0.1046875
4 0.8140625 0.06328125 0.09921875 0.10078125
2 0.3125 0.06328125 0.084375 0.10078125
8 0.1875 0.93828125 0.084375 0.10078125
8 0.3125 0.93828125 0.084375 0.10078125
5 0.9390625 0.06640625 0.075 0.09453125
11 0.9390625 0.94140625 0.075 0.09453125
11 0.43828125 0.94140625 0.075 0.09453125
7 0.5640625 0.9359375 0.09765625 0.1046875
10 0.8140625 0.93828125 0.09921875 0.10078125