7 0.1421875 0.34921875 0.2453125 0.18515625
7 0.5875 0.521875 0.1734375 0.1296875
10 0.5875 0.64296875 0.16875 0.1203125
10 0.81953125 0.65625 0.2390625 0.11328125
8 0.57109375 0.38046875 0.1296875 0.1109375
8 0.76796875 0.3625 0.1640625 0.13125
11 0.17265625 0.51875 0.18671875 0.09921875
4 0.409375 0.359375 0.16171875 0.18203125
4 0.6 0.8265625 0.1671875 0.1734375
2 0.38203125 0.53671875 0.1375 0.1109375
2 0.38515625 0.68359375 0.1703125 0.103125
1 0.359375 0.8359375 0.19140625 0.17578125
5 0.17109375 0.68125 0.18515625 0.1046875
5 0.78046875 0.5140625 0.16875 0.1109375