0 0.38828125 0.50390625 0.04921875 0.0484375
0 0.37734375 0.83828125 0.05078125 0.0890625
0 0.2984375 0.8328125 0.0578125 0.084375
0 0.20546875 0.83984375 0.0703125 0.0921875
0 0.396875 0.2359375 0.0546875 0.07734375
0 0.31640625 0.24453125 0.06171875 0.0734375
0 0.21875 0.22265625 0.07421875 0.07734375
2 0.71328125 0.27890625 0.0765625 0.071875
2 0.4703125 0.5015625 0.05546875 0.05390625
2 0.69140625 0.83515625 0.0625 0.08828125
5 0.78671875 0.34453125 0.08359375 0.06015625
3 0.39453125 0.42265625 0.04609375 0.04453125
3 0.475 0.42890625 0.0453125 0.0453125
3 0.55625 0.43359375 0.046875 0.04609375
3 0.55078125 0.49765625 0.04765625 0.04375
3 0.546875 0.58671875 0.04765625 0.04296875
3 0.4703125 0.58515625 0.04765625 0.0515625
3 0.3875 0.590625 0.046875 0.04609375
5 0.78515625 0.74453125 0.08125 0.07578125