1 0.42421875 0.4015625 0.0828125 0.06484375
4 0.30859375 0.31640625 0.09609375 0.08046875
4 0.4234375 0.32578125 0.07734375 0.071875
4 0.52578125 0.4890625 0.08046875 0.05703125
4 0.4265625 0.47890625 0.078125 0.05703125
7 0.21171875 0.15703125 0.11875 0.10625
7 0.63046875 0.48984375 0.1015625 0.06875
7 0.5390625 0.409375 0.07734375 0.065625
7 0.20390625 0.41171875 0.12109375 0.06640625
7 0.0875 0.31953125 0.1328125 0.078125
10 0.74921875 0.48828125 0.10390625 0.059375
10 0.846875 0.6484375 0.125 0.07421875
10 0.8375 0.7359375 0.11171875 0.08046875
10 0.7421875 0.73671875 0.1109375 0.08984375
10 0.6375 0.56171875 0.0890625 0.06171875
10 0.3265625 0.39921875 0.09765625 0.06640625
10 0.2046875 0.31875 0.1125 0.07734375
9 0.440625 0.25390625 0.0609375 0.053125
9 0.53359375 0.33046875 0.0609375 0.04921875
9 0.63515625 0.4125 0.06015625 0.0453125
9 0.6265625 0.63984375 0.0609375 0.046875
9 0.63359375 0.7125 0.0625 0.05078125
9 0.53828125 0.64140625 0.05625 0.04453125
9 0.425 0.55703125 0.05859375 0.04375
9 0.1265625 0.25078125 0.0765625 0.05234375
9 0.2296875 0.2515625 0.07734375 0.05390625
9 0.32578125 0.253125 0.06484375 0.05625
9 0.11875 0.15625 0.07109375 0.0625
6 0.73828125 0.57578125 0.078125 0.04375
6 0.72734375 0.65078125 0.08125 0.0578125
6 0.5265625 0.565625 0.0640625 0.04921875
6 0.321875 0.4875 0.07890625 0.04765625