10 0.28671875 0.85078125 0.08359375 0.1171875
10 0.36328125 0.52421875 0.07265625 0.0765625
10 0.590625 0.53046875 0.06484375 0.0640625
10 0.75078125 0.52421875 0.09140625 0.06953125
10 0.590625 0.32578125 0.065625 0.09140625
10 0.44296875 0.32734375 0.05859375 0.08359375
10 0.28125 0.328125 0.08828125 0.0921875
7 0.2125 0.534375 0.0921875 0.07265625
7 0.36640625 0.625 0.06796875 0.078125
7 0.5171875 0.72421875 0.05859375 0.0984375
7 0.51328125 0.421875 0.05859375 0.075
7 0.5171875 0.12109375 0.0578125 0.1140625
6 0.2875 0.440625 0.06171875 0.06015625
6 0.58828125 0.41953125 0.0515625 0.06328125
6 0.73359375 0.225 0.06640625 0.075
6 0.59140625 0.8375 0.0515625 0.08515625
4 0.36875 0.72265625 0.0703125 0.09375
4 0.28984375 0.63359375 0.08046875 0.08046875
4 0.28203125 0.22109375 0.0828125 0.1046875
4 0.43359375 0.2234375 0.05859375 0.11015625
1 0.6703125 0.72265625 0.07734375 0.0953125