6 0.6625 0.45078125 0.0875 0.0625
6 0.5609375 0.53125 0.0765625 0.065625
6 0.14296875 0.4546875 0.103125 0.0625
6 0.13671875 0.5265625 0.1015625 0.0578125
10 0.665625 0.52890625 0.10625 0.0671875
10 0.890625 0.44453125 0.128125 0.075
10 0.77421875 0.446875 0.115625 0.071875
10 0.55546875 0.44453125 0.090625 0.0703125
10 0.35 0.4515625 0.1015625 0.0703125
10 0.46015625 0.5296875 0.0921875 0.065625
10 0.884375 0.525 0.1328125 0.0609375
7 0.24765625 0.45546875 0.115625 0.071875
7 0.24140625 0.53203125 0.11640625 0.05703125
7 0.3453125 0.52890625 0.1109375 0.065625
7 0.459375 0.4515625 0.0765625 0.0703125
7 0.775 0.5265625 0.115625 0.0703125
1 0.45546875 0.36015625 0.0796875 0.0765625
4 0.67109375 0.3609375 0.0921875 0.078125
4 0.7765625 0.60703125 0.11328125 0.0671875
4 0.57109375 0.60703125 0.0890625 0.065625
4 0.34765625 0.6046875 0.10625 0.0703125