5 0.17734375 0.7703125 0.20703125 0.14765625
5 0.140625 0.6125 0.196875 0.12265625
5 0.1484375 0.30703125 0.20546875 0.11796875
5 0.47421875 0.16484375 0.24921875 0.14296875
5 0.46171875 0.59453125 0.23359375 0.11640625
5 0.4578125 0.4765625 0.24140625 0.09453125
5 0.7921875 0.60546875 0.28515625 0.11328125
5 0.81328125 0.31328125 0.3015625 0.1125
11 0.45390625 0.77265625 0.23203125 0.1453125
11 0.52421875 0.3125 0.2609375 0.1140625
11 0.184375 0.1421875 0.21640625 0.15625
11 0.8203125 0.1484375 0.30234375 0.14453125
11 0.8203125 0.45078125 0.284375 0.0859375
11 0.81484375 0.7484375 0.28046875 0.13359375