10 0.63671875 0.81015625 0.0875 0.1140625
8 0.79296875 0.63671875 0.103125 0.0765625
8 0.2125 0.73203125 0.09375 0.0890625
8 0.54453125 0.63828125 0.0890625 0.0796875
8 0.62734375 0.22734375 0.0765625 0.09375
8 0.38359375 0.225 0.075 0.09375
8 0.38125 0.6390625 0.071875 0.065625
8 0.38203125 0.3890625 0.0765625 0.071875
7 0.38203125 0.47578125 0.0859375 0.0796875
7 0.8109375 0.2140625 0.10625 0.0984375
2 0.21875 0.4078125 0.09375 0.065625
2 0.54453125 0.47265625 0.084375 0.0671875
1 0.4625 0.81953125 0.0875 0.115625
1 0.7984375 0.47265625 0.103125 0.071875
1 0.2828125 0.2234375 0.084375 0.09375