5 0.1921875 0.4140625 0.07109375 0.0484375
2 0.73671875 0.4125 0.0609375 0.0546875
0 0.6421875 0.41328125 0.0578125 0.05546875
4 0.46875 0.40625 0.0546875 0.05859375
1 0.56015625 0.40625 0.05703125 0.06484375
0 0.3765625 0.41171875 0.0625 0.05234375
2 0.28359375 0.4125 0.0640625 0.05703125
5 0.840625 0.415625 0.06015625 0.04765625
3 0.83515625 0.45234375 0.0640625 0.04765625
3 0.73515625 0.4515625 0.0640625 0.04609375
3 0.365625 0.44765625 0.06015625 0.046875
3 0.47421875 0.4484375 0.0578125 0.046875
3 0.5484375 0.44765625 0.06015625 0.04609375
3 0.64765625 0.44921875 0.05703125 0.046875
3 0.27734375 0.44921875 0.06484375 0.04765625
3 0.19609375 0.44765625 0.06875 0.0453125
9 0.553125 0.6375 0.07109375 0.046875
9 0.4421875 0.63984375 0.071875 0.0453125
9 0.8921875 0.6453125 0.0796875 0.04765625
9 0.77578125 0.6390625 0.08125 0.04765625
9 0.6625 0.63984375 0.07265625 0.05
9 0.33671875 0.6390625 0.071875 0.04765625
9 0.21875 0.63671875 0.075 0.04765625
9 0.10703125 0.640625 0.0796875 0.046875
11 0.0828125 0.68828125 0.096875 0.05390625
8 0.2015625 0.68125 0.1046875 0.0546875
6 0.31015625 0.684375 0.07734375 0.05546875
10 0.434375 0.68203125 0.07890625 0.059375
7 0.55390625 0.67890625 0.0703125 0.065625
6 0.66796875 0.68984375 0.06953125 0.0546875
11 0.9125 0.6890625 0.09921875 0.05859375
8 0.79765625 0.684375 0.0890625 0.059375