3 0.8484375 0.675 0.07109375 0.05390625
3 0.52578125 0.56484375 0.0546875 0.0421875
3 0.57109375 0.57890625 0.05546875 0.0453125
3 0.62890625 0.59765625 0.06015625 0.04609375
3 0.671875 0.61171875 0.05859375 0.046875
3 0.728125 0.63203125 0.0578125 0.0484375
3 0.78359375 0.6515625 0.065625 0.05078125
3 0.49140625 0.55234375 0.04921875 0.04140625
9 0.45390625 0.74609375 0.07109375 0.06171875
9 0.40390625 0.7140625 0.065625 0.05703125
9 0.35 0.6890625 0.06484375 0.05703125
8 0.096875 0.61015625 0.0578125 0.06171875
9 0.14140625 0.5875 0.05234375 0.04375
10 0.16953125 0.64296875 0.0625 0.078125
9 0.17890625 0.6046875 0.053125 0.04609375
7 0.2125 0.6640625 0.06171875 0.08515625
9 0.21875 0.62109375 0.04921875 0.040625
9 0.259375 0.63984375 0.05390625 0.04140625
9 0.30390625 0.66484375 0.0640625 0.053125
11 0.36171875 0.76171875 0.08359375 0.0703125
11 0.05390625 0.59765625 0.053125 0.04921875
5 0.5515625 0.54375 0.04140625 0.03984375
5 0.934375 0.6625 0.0734375 0.053125
2 0.8609375 0.63515625 0.0703125 0.06171875
2 0.59140625 0.5515625 0.05390625 0.04609375
0 0.634375 0.56328125 0.05 0.04296875
0 0.7921875 0.61484375 0.0609375 0.05625
8 0.3109375 0.72734375 0.07109375 0.0734375
6 0.1234375 0.62734375 0.0578125 0.0625
6 0.25234375 0.69921875 0.06953125 0.07109375
4 0.6875 0.5765625 0.05078125 0.06171875
1 0.740625 0.5921875 0.0640625 0.06953125