5 0.51796875 0.38125 0.05546875 0.04140625
2 0.459375 0.3984375 0.06640625 0.0484375
0 0.40546875 0.41875 0.05859375 0.04765625
4 0.2953125 0.453125 0.06484375 0.05625
1 0.34921875 0.43125 0.0578125 0.059375
0 0.22734375 0.4796875 0.06171875 0.046875
2 0.16640625 0.5015625 0.06640625 0.05078125
5 0.096875 0.5265625 0.0734375 0.04375
3 0.1609375 0.54296875 0.0671875 0.040625
3 0.22421875 0.5234375 0.065625 0.040625
3 0.28203125 0.5 0.0609375 0.040625
3 0.4 0.45625 0.0546875 0.03984375
3 0.5140625 0.4171875 0.05390625 0.0390625
3 0.571875 0.39765625 0.05078125 0.03984375
3 0.46171875 0.4359375 0.0515625 0.03984375
3 0.353125 0.475 0.06015625 0.03984375
9 0.434375 0.65390625 0.0640625 0.04453125
9 0.503125 0.62109375 0.06796875 0.04375
9 0.69375 0.53828125 0.0578125 0.04296875
9 0.63515625 0.56640625 0.06171875 0.04375
9 0.575 0.5921875 0.0609375 0.04453125
9 0.75078125 0.5140625 0.0578125 0.04296875
9 0.80546875 0.48984375 0.05546875 0.0421875
9 0.86875 0.46484375 0.05703125 0.0390625
11 0.5046875 0.678125 0.078125 0.0515625
8 0.5734375 0.63984375 0.065625 0.05390625
6 0.6328125 0.615625 0.06640625 0.05234375
10 0.70078125 0.58046875 0.065625 0.0609375
7 0.7640625 0.5484375 0.0625 0.065625
6 0.82890625 0.53125 0.06015625 0.0515625
11 0.940625 0.48046875 0.0578125 0.05
8 0.8828125 0.50078125 0.0671875 0.05390625