11 0.80703125 0.7140625 0.1140625 0.07890625
8 0.29609375 0.66875 0.0921875 0.08828125
11 0.27421875 0.63203125 0.08125 0.0703125
5 0.12265625 0.653125 0.0890625 0.075
5 0.61875 0.678125 0.09609375 0.075
9 0.58359375 0.51015625 0.06875 0.05703125
9 0.4953125 0.51796875 0.07421875 0.0578125
10 0.5953125 0.571875 0.08046875 0.0859375
9 0.6421875 0.5390625 0.0546875 0.05703125
7 0.66171875 0.60703125 0.08125 0.09609375
9 0.69609375 0.57109375 0.07109375 0.06015625
9 0.53984375 0.5484375 0.07734375 0.0578125
9 0.1765625 0.5578125 0.06796875 0.06328125
9 0.41875 0.65546875 0.0859375 0.0671875
9 0.48671875 0.5953125 0.08203125 0.0625
8 0.41953125 0.7703125 0.10234375 0.08671875
6 0.36171875 0.721875 0.09140625 0.0859375
2 0.553125 0.63671875 0.0921875 0.07890625
2 0.33359375 0.5703125 0.0765625 0.07734375
6 0.21953125 0.58671875 0.0828125 0.075
1 0.478125 0.69140625 0.08671875 0.10234375
4 0.384375 0.60234375 0.0828125 0.0921875
0 0.75390625 0.6015625 0.08671875 0.071875
3 0.83828125 0.65078125 0.09609375 0.06171875
0 0.7390625 0.65859375 0.09453125 0.0796875
3 0.4375 0.56015625 0.07421875 0.0609375
3 0.403125 0.5328125 0.06953125 0.05703125
3 0.290625 0.54921875 0.06953125 0.06171875
3 0.6640625 0.72890625 0.09921875 0.0703125
3 0.54375 0.7546875 0.10078125 0.07421875
3 0.18515625 0.70546875 0.09609375 0.06953125
3 0.09921875 0.61015625 0.07890625 0.06484375