10 0.6578125 0.50234375 0.04921875 0.16328125
10 0.90234375 0.1515625 0.05234375 0.16484375
4 0.66171875 0.0578125 0.0390625 0.115625
9 0.8671875 0.20234375 0.0375 0.10546875
3 0.63359375 0.0875 0.02890625 0.090625
3 0.54921875 0.31484375 0.03046875 0.0859375
3 0.39765625 0.48515625 0.03359375 0.090625
3 0.45390625 0.3765625 0.03046875 0.0875
8 0.44765625 0.51484375 0.0453125 0.13203125
3 0.45078125 0.440625 0.03125 0.07734375
3 0.21796875 0.61484375 0.04296875 0.10546875
3 0.38515625 0.6609375 0.04375 0.103125
2 0.50078125 0.39921875 0.04375 0.12578125
3 0.50703125 0.34375 0.028125 0.0875
9 0.60390625 0.4875 0.03515625 0.09453125
9 0.55859375 0.71796875 0.0390625 0.109375
9 0.76796875 0.53359375 0.03828125 0.1
9 0.81328125 0.4921875 0.03515625 0.096875
6 0.55625 0.59375 0.0484375 0.15
9 0.54921875 0.5265625 0.028125 0.09765625
9 0.49921875 0.77109375 0.0421875 0.11953125
9 0.43671875 0.82578125 0.0421875 0.12109375
7 0.6203125 0.73203125 0.05703125 0.2046875
11 0.678125 0.7109375 0.04609375 0.13203125
11 0.7328125 0.66328125 0.04453125 0.121875
8 0.5 0.55703125 0.0453125 0.13515625
6 0.59921875 0.3953125 0.03984375 0.13125
2 0.3484375 0.43515625 0.040625 0.11953125
4 0.2921875 0.4578125 0.04765625 0.159375
5 0.12421875 0.51484375 0.04140625 0.1125
0 0.24765625 0.42578125 0.04296875 0.1375
0 0.403125 0.3921875 0.03984375 0.13046875
5 0.50234375 0.278125 0.03203125 0.09140625
1 0.35703125 0.334375 0.04296875 0.16015625