7 0.4703125 0.2921875 0.21171875 0.18984375
7 0.69765625 0.3046875 0.26328125 0.16875
8 0.68671875 0.4734375 0.18984375 0.0984375
11 0.44921875 0.14296875 0.18203125 0.15859375
6 0.66640625 0.63984375 0.184375 0.125
10 0.48359375 0.65859375 0.240625 0.171875
10 0.48203125 0.8296875 0.23125 0.215625
4 0.4875 0.45 0.2234375 0.11796875
4 0.7390625 0.80234375 0.2859375 0.19140625
0 0.2078125 0.11640625 0.184375 0.184375
5 0.2171875 0.2953125 0.14609375 0.14453125
2 0.2421875 0.471875 0.1484375 0.1109375
1 0.23671875 0.6609375 0.1625 0.17265625
5 0.2265625 0.8390625 0.1578125 0.171875