7 0.14296875 0.34765625 0.246875 0.18515625
7 0.5890625 0.52109375 0.15234375 0.1296875
10 0.58515625 0.6421875 0.15234375 0.11171875
10 0.8171875 0.6515625 0.2265625 0.11796875
8 0.57265625 0.37890625 0.12265625 0.10546875
8 0.77578125 0.3625 0.14765625 0.13125
11 0.17265625 0.51640625 0.1875 0.0953125
4 0.41015625 0.35546875 0.1578125 0.18046875
4 0.6 0.8265625 0.1671875 0.17578125
2 0.38671875 0.540625 0.1265625 0.10234375
2 0.3859375 0.6828125 0.1703125 0.103125
1 0.359375 0.83515625 0.19765625 0.17890625
5 0.16953125 0.68125 0.18828125 0.1046875
5 0.78046875 0.51875 0.1671875 0.10234375