6 0.11953125 0.5765625 0.084375 0.1546875
6 0.22109375 0.571875 0.07109375 0.1546875
3 0.30546875 0.78046875 0.05 0.11015625
3 0.15703125 0.23046875 0.05625 0.13046875
3 0.56015625 0.21875 0.04375 0.1328125
3 0.7203125 0.2375 0.05390625 0.1296875
3 0.48828125 0.40078125 0.04453125 0.13046875
3 0.63984375 0.38984375 0.05390625 0.128125
3 0.734375 0.38828125 0.0625 0.12265625
3 0.4921875 0.54609375 0.046875 0.12734375
9 0.7375 0.57265625 0.06484375 0.11484375
9 0.75703125 0.7515625 0.06796875 0.10859375
9 0.64453125 0.23515625 0.0515625 0.13046875
9 0.2453125 0.2328125 0.05234375 0.134375
9 0.30625 0.25078125 0.0484375 0.12578125
9 0.14765625 0.4 0.05859375 0.125
9 0.228125 0.4125 0.05390625 0.12734375
9 0.4015625 0.384375 0.04453125 0.12265625
5 0.40078125 0.23828125 0.05 0.175
5 0.665625 0.5375 0.06953125 0.15703125
10 0.47734375 0.18515625 0.059375 0.234375
4 0.32109375 0.35546875 0.07265625 0.22890625
1 0.5734375 0.35078125 0.07890625 0.2265625
7 0.39765625 0.534375 0.06484375 0.21171875
0 0.31484375 0.57890625 0.0625 0.15234375
0 0.575 0.55703125 0.0578125 0.1453125