2 0.67890625 0.83828125 0.0859375 0.09296875
2 0.778125 0.8296875 0.109375 0.084375
2 0.88828125 0.8296875 0.1171875 0.0734375
0 0.146875 0.259375 0.08515625 0.0703125
0 0.24765625 0.265625 0.084375 0.07109375
0 0.35703125 0.26328125 0.0734375 0.0734375
0 0.46640625 0.2703125 0.07421875 0.0671875
0 0.57734375 0.28125 0.0875 0.0703125
0 0.6765625 0.28125 0.090625 0.06953125
0 0.78671875 0.2890625 0.103125 0.06484375
3 0.2359375 0.58984375 0.0640625 0.046875
3 0.36015625 0.6109375 0.0625 0.05078125
3 0.47421875 0.60546875 0.0625 0.046875
3 0.5890625 0.59609375 0.07265625 0.04453125
3 0.69140625 0.60625 0.0796875 0.05234375
3 0.778125 0.5953125 0.08203125 0.0453125
3 0.8921875 0.5984375 0.09765625 0.046875
5 0.13046875 0.8671875 0.09609375 0.0984375
5 0.24609375 0.8671875 0.07890625 0.09453125